$ANSIBLE_VAULT;1.1;AES256
66383061666266633632356161613931336265373132313566303564363136373264633537316130
3833363163636661386264666536356161386435663766370a656563346532373830613263353230
65303333353230313239356430383932393763373764336161363263333131613832343030346263
3733343261303836390a353063363733376539656364356138373332376436623266396436356439
37316233306535323330656662303233313564336431383833363138333839356464616262303462
30393132323933316131643335303263373534316336613937393337336164643736343266646161
35303164326230633266643738626639616439373461376265396634383139636232306461666532
38653839323661363630373635663161656534356262643733623663303162326630396163633763
37626537303661363966333831656364666535303437383264626131386462643730313461323237
64336665343730633438326331653634396631666537306633383332386538366636396130663264
61643362393565303431616638386233333039613262373762383331313437306664356264623032
36613238373765363235396132353861376463633763383664633433633465636338643634393331
37313662343334646263636439353663376530363131646365336237333133363337646437316533
3531666262306132656261343134616463656132366433373635
